0 0 0
0.1033 4.0438 0.0013
0.2 5.4415 0.0024
0.3036 6.9499 0.0047
0.3983 7.7814 0.0071
0.5014 9.1284 0.0099
0.6445 12.2814 0.0212
0.7497 20.7206 0.0601
0.8425 25.6339 0.0914
0.9505 30.9599 0.1277
1.0427 34.9712 0.1581
1.1487 38.9455 0.1943
1.2478 42.586 0.2271
1.3518 46.0198 0.2628
1.4456 48.9981 0.294
1.5495 52.3448 0.329
1.6514 54.9155 0.3624
1.7484 57.4682 0.3966
1.8538 60.2704 0.429
1.9478 62.6533 0.4632
2.0538 65.3074 0.4974
2.1488 67.5404 0.5292
2.2597 70.3121 0.567
2.3506 72.1057 0.5963
2.4581 74.4972 0.6331
2.5492 76.3755 0.6621
2.6536 78.4648 0.6991
2.7529 80.4246 0.7294
2.859 82.4334 0.7692
2.9581 84.0707 0.7981
3.0485 86.0441 0.8305
3.1548 87.8486 0.866
3.2538 89.7267 0.8972
3.3575 91.5891 0.9341
3.4534 93.3726 0.9646
3.5592 95.1563 1.0021
3.6488 96.6888 1.0284
3.7557 98.3675 1.0673
3.8507 99.8348 1.0971
3.9592 101.5151 1.1346
4.0502 102.5308 1.1643
4.1555 103.714 1.2
4.2502 105.4657 1.2296
4.3551 107.2597 1.268
4.4517 108.7315 1.2958
4.5576 110.3165 1.3358
4.6516 111.3444 1.3641
4.7554 113.0941 1.3999
4.8582 114.4847 1.4338
4.9521 116.0058 1.4652
5.0577 117.4462 1.5011
5.1515 118.7761 1.5309
5.259 120.2764 1.5687
5.3529 121.3102 1.5978
5.4566 123.048 1.6355
5.552 124.061 1.666
5.6584 125.6094 1.6995
5.76 126.6494 1.7359
5.8522 128.0348 1.7651
5.9563 129.4256 1.8004
6.0515 130.5953 1.8322
6.1558 131.9531 1.8665
6.2507 132.8883 1.8985
6.3557 134.502 1.9342
6.4525 135.3305 1.9639
6.5586 136.7291 2.0039
6.6503 137.7512 2.0295
6.7566 139.3223 2.0689
6.8528 140.3355 2.0978
6.9568 141.6584 2.1342
7.0514 142.4703 2.166
7.157 143.7666 2.2
7.2516 144.9018 2.2328
7.3523 146.1153 2.2669
7.4574 147.2597 2.3014
7.5533 148.3134 2.3316
7.6587 149.7019 2.3694
7.7538 150.555 2.398
7.8576 151.9475 2.4354
7.9537 152.8949 2.4649
8.0577 154.0495 2.5021
8.1614 155.2414 2.5362
8.2521 155.778 2.5634
8.358 157.2637 2.6025
8.4531 158.346 2.6334
8.559 159.1161 2.6669
8.6541 160.3289 2.7012
8.7594 161.1438 2.7352
8.8537 162.3271 2.7656
8.9608 163.677 2.8038
9.0563 164.3582 2.8328
9.159 165.6788 2.8687
9.2645 166.6547 2.9033
9.3549 167.5944 2.9337
9.4598 168.7133 2.9681
9.5548 169.6501 3.0004
9.6601 170.4545 3.0367
9.7537 171.4304 3.0636
9.8602 172.5662 3.104
9.9539 173.1235 3.1329
10.06 174.4074 3.1688
10.157 175.3797 3.2011
10.2606 176.3999 3.2347
10.3579 177.2592 3.2687
10.457 178.2953 3.3016
10.5598 179.1555 3.3367
10.6639 180.18 3.3687
10.7573 180.9058 3.4009
10.8589 182.12 3.4348
10.9605 182.7839 3.47
11.0573 183.9073 3.4997
11.1601 184.4965 3.5366
11.2607 185.4708 3.5689
11.3659 186.8405 3.6046
11.4632 187.6092 3.6366
11.5657 188.2465 3.67
11.6666 189.1999 3.7043
11.7629 190.0464 3.7374
11.8646 191.0166 3.7701
11.9585 191.8654 3.8011
12.0647 192.8333 3.8373
12.1645 193.6649 3.8701
12.2705 194.6642 3.9065
12.3614 195.3836 3.9358
12.4649 196.1801 3.9713
12.5639 197.1214 4.0031
12.6645 197.9634 4.0356
12.7687 198.9304 4.0748
12.8676 199.7914 4.1031
12.9704 200.8881 4.1412
13.0637 201.5713 4.1702
13.1662 202.16 4.2032
13.2675 203.3405 4.2394
13.3655 204.2386 4.2704
13.4687 204.6002 4.3062
13.5628 205.6584 4.3358
13.666 206.8216 4.3709
13.7694 207.3823 4.4061
13.8648 208.192 4.4362
13.9665 209.2065 4.471
14.0618 209.9312 4.5023
14.1665 210.5689 4.5396
14.2649 211.538 4.5688
14.3663 212.4034 4.6041
14.462 212.8959 4.6385
14.5657 214.1374 4.669
14.662 214.7938 4.7044
14.7666 215.3367 4.7368
14.8628 216.2544 4.7693
14.9673 217.344 4.8072
15.0637 217.9756 4.834
15.1658 218.9333 4.8735
15.2659 219.557 4.903
15.3685 220.2587 4.9383
15.4654 221.0693 4.9719
15.5684 221.9533 5.0043
15.6758 222.7514 5.0424
15.7671 223.1684 5.0706
15.8673 224.0061 5.1067
15.9687 224.9271 5.1372
16.0724 225.6545 5.1737
16.1692 226.4519 5.2053
16.2733 227.3635 5.241
16.3689 228.0356 5.2713
16.472 228.7777 5.3085
16.5693 229.4796 5.3368
16.674 230.4191 5.3755
16.7683 230.8866 5.4048
16.8684 231.7697 5.4371
16.9668 232.5373 5.4729
17.0713 233.202 5.5054
17.1701 233.9725 5.5405
17.2745 234.6094 5.5722
17.3705 235.3515 5.608
17.4751 236.1423 5.6381
17.5695 236.7456 5.6732
17.6714 237.7165 5.7064
17.7743 238.48 5.7395
17.871 239.1084 5.7728
17.9742 239.7426 5.8072
18.071 240.3144 5.8411
18.1764 240.9929 5.8718
18.271 242.1966 5.9088
18.3673 242.5663 5.9353
18.4709 243.5218 5.9761
18.5682 243.9469 6.0011
18.6728 245.248 6.0431
18.7696 245.7023 6.0716
18.8731 246.2309 6.1064
18.9712 246.9519 6.1391
19.0744 247.9228 6.1749
19.1731 248.3932 6.2046
19.2788 249.2527 6.2465
19.3729 249.797 6.2698
19.4781 250.7229 6.3125
19.5742 251.2072 6.3393
19.6785 251.734 6.3751
19.7752 252.3698 6.4079
19.878 253.2345 6.4413
19.975 253.8641 6.4745
20.0739 254.174 6.5068
20.1763 255.0419 6.5415
20.2734 255.6167 6.5736
20.3748 256.606 6.6072
20.4738 257.0648 6.6409
20.5699 257.5837 6.6719
20.6749 258.5323 6.7077
20.7709 259.1935 6.7382
20.8758 259.9611 6.7771
20.973 260.1998 6.8036
21.0769 261.344 6.8434
21.1742 262.027 6.8739
21.2799 262.4865 6.9099
21.3739 263.3083 6.9392
21.4784 264.0495 6.9774
21.5763 264.4661 7.005
21.6805 265.4344 7.0462
21.7777 266.1961 7.0739
21.8862 266.5777 7.1122
21.975 267.3073 7.1406
22.081 268.109 7.176
22.1766 268.8059 7.2069
22.2827 269.6588 7.2431
22.3779 270.1395 7.2781
22.4826 270.4546 7.3071
22.5795 271.2118 7.3444
22.6865 271.7591 7.3787
22.7855 272.694 7.4073
22.8927 273.0737 7.4537
22.9816 273.7809 7.4701
23.087 274.6308 7.516
23.1819 275.1087 7.5413
23.2889 275.8932 7.5802
23.3836 276.4045 7.6108
23.4893 277.061 7.6451
23.585 277.686 7.6768
23.6919 278.4652 7.7151
23.7903 278.6196 7.7443
23.8948 279.4934 7.782
23.9897 279.9816 7.8124
24.0954 281.02 7.8484
24.1869 281.5359 7.8761
24.2911 281.7524 7.9146
24.3908 282.7369 7.9448
24.4975 283.4465 7.9841
24.5908 283.9609 8.0121
24.697 284.404 8.048
24.7877 285.3749 8.0781
24.8956 285.8128 8.1179
24.9874 286.2846 8.1399
25.0914 287.1616 8.1822
25.1864 287.7935 8.2115
25.2923 288.117 8.2455
25.3882 288.9096 8.2816
25.4918 289.4021 8.3105
25.588 290.0804 8.3461
25.692 290.6802 8.3814
25.7888 291.5049 8.4098
25.8944 291.9433 8.4508
25.9894 292.5051 8.4763
26.0924 293.2297 8.5148
26.1957 293.8982 8.5458
26.2927 294.5481 8.5811
26.3909 294.7918 8.6123
26.499 295.7229 8.6507
26.5945 296.6401 8.6797
26.7014 296.7177 8.7157
26.7961 297.4759 8.7491
26.903 298.2013 8.7826
26.9969 298.9139 8.8145
27.1028 298.9457 8.8517
27.1956 299.9716 8.8797
27.3023 300.5291 8.9173
27.396 300.9795 8.9474
27.5024 301.1471 8.9855
27.5949 302.1341 9.0108
27.6997 302.7208 9.0518
27.7971 303.1082 9.0808
27.9031 303.6896 9.1177
27.9973 304.316 9.1481
28.1025 304.9984 9.1835
28.196 305.8378 9.2133
28.3035 306.2191 9.2539
28.3993 306.9838 9.2799
28.4961 307.2853 9.3139
28.6038 308.2525 9.3538
28.6966 308.2732 9.3779
28.8053 309.0597 9.4196
28.9003 309.6523 9.4482
29.0069 310.3799 9.4872
29.0974 310.6848 9.5125
29.2047 311.602 9.5529
29.3009 311.6193 9.5814
29.4016 312.6809 9.6171
29.5057 312.9767 9.6507
29.5983 313.5172 9.6817
29.7063 314.2402 9.7189
29.802 314.6784 9.7492
29.9047 315.2291 9.785
29.9996 315.7438 9.8143
30.1024 316.1333 9.8515
30.1992 316.6265 9.8811
30.3058 317.7318 9.9201
30.3994 317.8743 9.9459
30.5064 318.4848 9.9876
30.6006 319.016 10.0153
30.7143 319.2581 10.0418
30.8026 319.2636 10.0342
30.909 319.2299 10.0348
31.0042 319.4102 10.0349
31.1109 319.7502 10.0335
31.2049 319.3222 10.0359
31.3124 319.7222 10.0324
31.4051 319.5808 10.0364
31.5112 319.719 10.0329
31.6052 319.7085 10.0334
31.7128 319.6697 10.0344
31.8144 319.7431 10.0352
31.9087 319.6592 10.0311
32.017 319.8618 10.0358
32.1085 319.8636 10.0323
32.2168 320.0357 10.0341
32.3128 320.0696 10.0335
32.4089 319.9459 10.0333
32.5127 320.1005 10.032
32.6072 319.6949 10.0354
32.7132 319.6151 10.0315
32.8095 320.0892 10.035
32.9162 320.0921 10.0325
33.01 319.8561 10.0335
33.1135 319.9984 10.0339
33.2074 320.1183 10.0311
33.3137 320.1426 10.0344
33.4115 320.0758 10.0317
33.518 320.4234 10.034
33.6117 320.0962 10.0331
33.7194 320.0471 10.0323
33.8116 320.2147 10.0329
33.9185 320.4157 10.0343
34.0122 320.2481 10.0323
34.1199 320.1033 10.0323
34.2141 319.9866 10.0329
34.318 320.5644 10.0326
34.4218 320.3647 10.0338
34.5149 320.2627 10.0326
34.6195 320.3038 10.0319
34.7212 320.3334 10.0334
34.8133 320.3163 10.0335
34.9149 320.53 10.0307
35.0188 320.146 10.0333
35.1154 320.4091 10.0338
35.2221 320.3354 10.0328
35.3154 320.096 10.0324
35.4199 320.0762 10.0332
35.5199 320.32 10.031
35.6194 320.1267 10.0345
35.7193 320.4796 10.0331
35.8136 320.3109 10.0313
35.919 320.6624 10.0318
36.0139 320.4841 10.0335
36.1201 320.425 10.033
36.2161 320.3945 10.0316
36.3197 320.6442 10.0329
36.4221 320.417 10.0333
36.515 320.5189 10.0322
36.6177 320.4173 10.0325
36.7211 320.3761 10.0317
36.8153 320.2008 10.0338
36.9206 320.1835 10.0324
37.0148 320.415 10.0317
37.1211 320.2224 10.0329
37.2152 320.0944 10.0328
37.3202 320.3725 10.0324
37.4212 320.4759 10.0314
37.5223 320.5032 10.0343
37.6211 320.5209 10.031
37.7166 320.3088 10.0332
37.8216 320.3331 10.0325
37.9179 320.274 10.0312
38.021 320.3736 10.0344
38.1248 320.3018 10.0309
38.2152 320.4325 10.0321
38.3231 320.5339 10.0334
38.4176 320.5858 10.0311
38.5234 320.1935 10.0328
38.6217 320.3893 10.0331
38.7268 320.2276 10.0315
38.8223 320.9061 10.0341
38.9227 320.6051 10.0308
39.0242 320.5864 10.0318
39.1277 320.4737 10.0341
39.2259 320.3288 10.0311
39.3283 320.4712 10.0334
39.4263 320.5094 10.0319
39.5292 320.7156 10.0313
39.6264 320.4207 10.0337
39.7309 320.4334 10.0309
39.8208 320.9075 10.0334
39.9265 320.2829 10.033
40.0214 320.5121 10.0314
40.1252 320.4816 10.0315
40.2265 320.7208 10.0326
40.3294 320.6239 10.0325
40.4267 320.7217 10.0319
40.5259 320.942 10.0332
40.627 320.8782 10.0317
40.7221 320.3988 10.0101
40.8303 320.34 9.9743
40.9241 319.9507 9.9404
41.0293 319.4289 9.9047
41.1303 319.0653 9.8738
41.2326 318.3525 9.8368
41.3306 318.2809 9.8067
41.4339 317.7247 9.7702
41.5269 317.3484 9.7411
41.6298 316.8636 9.705
41.7307 316.3873 9.6711
41.8339 316.0985 9.6389
41.9306 315.4455 9.6037
42.033 315.0742 9.5738
42.1309 314.4332 9.5374
42.2295 313.8953 9.5068
42.3314 313.4001 9.4704
42.4302 313.1424 9.4394
42.5307 312.7755 9.4051
42.6353 312.4133 9.3697
42.7332 311.5304 9.3367
42.8359 311.2048 9.3052
42.9324 310.5815 9.2715
43.0346 310.4262 9.2368
43.1325 310.2241 9.2042
43.2361 309.3778 9.1697
43.3324 309.4644 9.1385
43.4384 308.8005 9.1014
43.5309 308.223 9.0726
43.632 307.9124 9.0369
43.7305 307.4756 9.0068
43.8356 306.6182 8.9679
43.9334 306.3622 8.9379
44.0377 306.055 8.9033
44.1336 305.6241 8.8688
44.2379 305.1243 8.8379
44.3341 304.8765 8.8042
44.4368 304.1021 8.7668
44.5343 303.8067 8.7395
44.6339 303.2894 8.7013
44.7331 302.8199 8.673
44.8382 302.3752 8.6344
44.9331 302.048 8.6032
45.0375 301.397 8.5703
45.1342 300.9884 8.5364
45.2403 300.681 8.5027
45.3363 299.9746 8.4701
45.4407 299.3129 8.4345
45.539 298.9984 8.4019
45.6402 298.4393 8.3689
45.7365 297.8543 8.336
45.8433 297.3195 8.3011
45.9365 297.3095 8.2696
46.035 296.4018 8.2357
46.1388 296.0803 8.2033
46.2371 295.5283 8.1676
46.3374 295.3036 8.1387
46.4404 294.6167 8.0965
46.5378 294.338 8.0727
46.6414 293.6829 8.0334
46.7378 293.4266 8.0011
46.8396 293.1106 7.9715
46.9342 292.4298 7.9346
47.0395 291.8337 7.9031
47.1336 291.4426 7.8697
47.2392 290.8739 7.8363
47.334 290.5408 7.8027
47.4391 289.8398 7.7692
47.5366 289.5145 7.7362
47.6414 289.067 7.7
47.7396 288.5395 7.6697
47.8464 288.0729 7.6312
47.9364 287.4581 7.6058
48.0408 286.9692 7.5639
48.1363 286.5525 7.5384
48.2418 286.1125 7.5011
48.3366 285.552 7.4684
48.4407 285.1145 7.4354
48.5364 284.4745 7.4025
48.6407 284.1205 7.3685
48.7381 283.6805 7.3351
48.8436 282.924 7.2992
48.9391 282.3665 7.27
49.0437 281.9745 7.2325
49.1395 281.7587 7.2026
49.2444 281.1382 7.1653
49.3416 280.6994 7.1353
49.4491 279.9902 7.0986
49.5386 279.7126 7.0689
49.6428 279.2233 7.0334
49.7382 278.7349 7.0018
49.8425 278.3165 6.9681
49.9398 277.8468 6.9336
50.0436 277.3902 6.9011
50.1389 276.6626 6.8685
50.246 276.4411 6.8332
50.3379 275.7495 6.8008
50.4429 275.3668 6.7689
50.5431 274.4625 6.7319
50.6441 274.2545 6.7005
50.7443 273.8011 6.6677
50.844 273.2415 6.6334
50.9473 272.3989 6.5985
51.0451 272.2675 6.5661
51.1517 271.7197 6.5317
51.2411 271.3325 6.5002
51.346 271.0006 6.4677
51.4418 270.3948 6.4329
51.5467 269.6925 6.399
51.6436 269.2718 6.3661
51.7496 268.9367 6.3335
51.8474 268.2502 6.2974
51.9551 267.8482 6.265
52.0449 267.1911 6.2307
52.1487 266.8166 6.2009
52.2447 266.2011 6.1635
52.3502 265.6582 6.1334
52.4504 265.0929 6.0988
52.5494 265.0509 6.0631
52.657 264.2619 6.0294
52.7499 263.5293 5.9979
52.8511 263.3581 5.9641
52.9574 262.5773 5.9293
53.0503 262.1985 5.8978
53.1589 261.6091 5.8617
53.252 261.0748 5.8313
53.3542 260.2935 5.7949
53.4595 260.0266 5.7625
53.5519 259.6974 5.731
53.6474 259.0093 5.6986
53.7597 258.6699 5.6603
53.8564 257.8879 5.631
53.9585 257.6921 5.5933
54.0634 257.0082 5.5607
54.1595 256.7078 5.5287
54.2645 256.1092 5.4921
54.3573 255.4461 5.4633
54.4658 255.1078 5.426
54.5589 254.701 5.3939
54.6592 254.0319 5.362
54.7537 253.5858 5.3295
54.8563 253.1544 5.2967
54.981 252.5551 5.2508
55.0603 252.3493 5.2289
55.1731 251.9405 5.1892
55.2701 251.3191 5.158
55.3642 250.9198 5.1266
55.4602 250.4501 5.0947
55.5714 249.8089 5.0569
55.663 249.5076 5.0274
55.7717 248.6675 4.9902
55.8674 248.2989 4.9589
55.9736 247.7084 4.9232
56.0665 247.4812 4.8928
56.174 246.722 4.8553
56.2641 246.4929 4.8279
56.3709 245.8601 4.7899
56.4684 245.2839 4.7597
56.5746 244.6343 4.7214
56.668 244.5111 4.6931
56.7741 243.7389 4.6549
56.8686 243.2541 4.6275
56.9737 242.7657 4.5877
57.0696 242.1282 4.5597
57.1755 241.5004 4.5213
57.2697 241.293 4.4923
57.3761 240.4975 4.4547
57.4616 240.0495 4.4279
57.5798 239.5266 4.3881
57.6739 239.0057 4.3558
57.7689 238.1453 4.3252
57.8773 237.9957 4.2882
57.9666 237.706 4.2588
58.0737 236.8481 4.2238
58.1695 236.2845 4.1908
58.2771 235.7135 4.1553
58.3705 235.2683 4.124
58.4757 234.9927 4.0901
58.5695 234.3472 4.0573
58.6778 233.7399 4.0222
58.772 233.3513 3.9904
58.8808 232.707 3.9541
58.9737 232.2011 3.9229
59.0797 231.6849 3.8887
59.1762 231.3443 3.8554
59.2812 230.3812 3.8198
59.3716 230.209 3.792
59.4782 229.4246 3.7534
59.5745 229.1665 3.724
59.6809 228.313 3.6872
59.7746 227.7811 3.656
59.8729 227.3841 3.6231
59.9839 226.5326 3.5861
60.0795 226.0188 3.5537
60.1743 225.7123 3.5236
60.2801 225.1315 3.4877
60.3743 224.7543 3.4564
60.479 223.9788 3.4204
60.5733 223.3956 3.3915
60.6804 222.7466 3.3526
60.7769 222.5283 3.3235
60.8805 221.8251 3.2866
60.983 221.4151 3.2535
61.0758 220.5989 3.2231
61.1816 220.2883 3.186
61.2762 219.7523 3.1579
61.3692 219.2198 3.1217
61.4687 218.7003 3.0922
61.5918 217.6619 3.0504
61.6772 217.397 3.0205
61.7817 216.8079 2.9869
61.8775 216.1432 2.957
61.9822 215.4811 2.9191
62.0641 215.186 2.8931
62.1786 214.5011 2.8563
62.306 213.7681 2.8099
62.3858 213.3254 2.7842
62.4938 212.3397 2.7495
62.5934 212.1121 2.718
62.7016 211.5107 2.678
62.794 210.8784 2.6512
62.8953 210.1754 2.6135
62.9893 209.8457 2.5873
63.0948 208.9532 2.5485
63.1912 208.4339 2.5153
63.2952 207.971 2.4829
63.3989 207.2827 2.4485
63.4905 206.8141 2.4179
63.5948 206.2529 2.3818
63.6898 205.6268 2.3521
63.795 204.7887 2.3143
63.8919 204.6111 2.2841
63.9937 203.7514 2.2503
64.0953 203.0886 2.2149
64.1973 202.4065 2.1819
64.2946 201.8996 2.1507
64.3991 201.0263 2.1133
64.4981 200.4961 2.0817
64.6004 200.0393 2.0479
64.6984 199.4506 2.0145
64.8027 198.7394 1.9793
64.8998 198.0825 1.9496
65.0023 197.4836 1.9102
65.0999 196.8126 1.8816
65.2019 196.4277 1.8476
65.3003 195.8542 1.8135
65.4047 194.8972 1.7789
65.4953 194.2565 1.75
65.5995 193.9848 1.7145
65.7 193.1453 1.6797
65.8041 192.6717 1.6464
65.9006 192.0671 1.6156
66.0039 191.0912 1.5767
66.1015 190.3318 1.5476
66.2059 189.5955 1.5128
66.3022 189.116 1.4803
66.4 188.5808 1.4495
66.5025 187.5965 1.4105
66.601 187.154 1.3822
66.7015 186.3132 1.3467
66.806 185.5917 1.3109
66.9034 185.1697 1.2816
67.0068 184.2604 1.2433
67.1032 183.813 1.2135
67.2071 182.836 1.179
67.3038 182.2448 1.1449
67.4038 181.5333 1.1149
67.5008 180.8048 1.0804
67.6043 180.097 1.0455
67.7019 179.235 1.0131
67.806 178.826 0.9786
67.9025 178.0441 0.9489
68.0058 177.155 0.9094
68.1039 176.3915 0.8802
68.2079 175.781 0.8446
68.3039 174.9334 0.8127
68.4067 174.1375 0.7787
68.5038 173.4943 0.7465
68.6075 172.7192 0.7112
68.7024 172.0368 0.6799
68.8047 171.1037 0.646
68.9012 170.2767 0.6141
69.0049 169.3234 0.5772
69.101 168.7126 0.5482
69.2046 167.8902 0.5131
69.3048 166.9137 0.4793
69.3996 165.946 0.4466
69.5037 165.2861 0.414
69.6005 164.187 0.3794
69.7051 163.0067 0.3465
69.8073 162.1993 0.3113
69.9039 161.4019 0.2791
70.0027 160.0154 0.2448
70.1199 158.6884 0.213
70.2036 157.7503 0.1784
70.3072 156.7994 0.1443
70.3922 155.4604 0.1198
70.5234 152.6878 0.0703
70.612 150.513 0.0443
70.7092 148.262 0.0279
70.8211 145.9378 0.011
70.9245 130.3154 0.0089
71.0194 116.3344 0.0092
71.1258 99.4251 0.0094
71.2184 85.3627 0.0096
71.3257 67.8042 0.0096
71.4175 54.5315 0.0096
71.5235 37.7227 0.0092
71.6212 23.8354 0.0098
71.7192 7.2816 0.0103
71.8252 -7.8319 0.01
71.9193 -21.6605 0.0099
72.0263 -40.4698 0.0095
72.1134 -51.2703 0.0091
72.2207 -68.0011 0.0104
72.3249 -84.3011 0.0103
72.4201 -98.7213 0.01
72.5252 -114.3878 0.0102
72.618 -128.935 0.0094
72.7223 -143.2795 0.0096
72.8206 -159.4372 0.0097
72.9223 -173.2492 0.0085
73.022 -189.2661 0.0103
73.1275 -204.4776 0.0101
73.2208 -218.417 0.0092
73.3245 -234.9614 0.0095
73.4236 -248.4494 0.0086
73.5286 -265.6414 0.0089
73.6207 -278.1999 0.0089
73.7233 -295.1986 0.0082
73.8294 -309.3185 0.009
73.9234 -324.4072 0.0088
74.0287 -339.9946 0.008
74.1195 -353.4278 0.0086
74.2245 -369.6482 0.0093
74.3256 -384.8372 0.009
74.4231 -399.2677 0.0086
74.5283 -415.183 0.009
74.6228 -429.94 0.0087
74.7294 -445.8054 0.0086
74.8208 -459.4222 0.0088
74.9255 -476.7908 0.0091
75.0201 -488.3505 0.0079
75.1231 -506.3248 0.0093
75.2277 -520.2321 0.0078
75.3203 -534.0758 0.0079
75.428 -551.396 0.0089
75.5284 -565.9697 0.0077
75.627 -579.968 0.0077
75.7233 -595.1461 0.0077
75.8255 -609.9206 0.0087
75.9342 -627.1589 0.0089
76.0256 -641.7795 0.0082
76.1306 -657.7916 0.009
76.2195 -667.7949 0.0087
76.3252 -686.4548 0.0078
76.4287 -700.6895 0.0076
76.5205 -714.618 0.0089
76.6281 -730.8777 0.0082
76.7252 -745.9157 0.0078
76.8328 -762.7575 0.0081
76.9252 -775.6842 0.0079
77.0279 -791.4 0.0073
77.12 -804.1646 0.0083
77.2274 -822.1955 0.008
77.321 -833.5678 0.0076
77.4284 -852.5876 0.008
77.5241 -865.1546 0.0076
77.6262 -880.1096 0.0075
77.7337 -897.8978 0.0077
77.8259 -909.9656 0.0063
77.9292 -927.2788 0.0076
78.0211 -940.7472 0.0072
78.1311 -955.9924 0.0084
78.2245 -970.1808 0.0075
78.3365 -987.3898 0.0076
78.4288 -999.7921 0.0067
78.5366 -1019.2717 0.0076
78.6287 -1030.983 0.0082
78.7372 -1047.5087 0.0082
78.8307 -1061.4833 0.0077
78.9329 -1077.9388 0.0087
79.0397 -1092.471 0.0083
79.1335 -1107.6047 0.0084
79.2363 -1123.6682 0.008
79.3389 -1137.5901 0.0085
79.434 -1153.5026 0.0083
79.5411 -1167.3301 0.0078
79.6341 -1183.2604 0.0093
79.7386 -1198.1645 0.0085
79.8343 -1212.3783 0.0082
79.938 -1228.756 0.0092
80.0378 -1243.3218 0.009
80.134 -1257.6223 0.0086
80.2411 -1272.075 0.0087
80.335 -1290.2995 0.009
80.4386 -1302.406 0.0084
